22.0 8.48528137423857 8.485281374238571 0.0
21.0 8.48528137423857 8.485281374238571 0.0
20.0 8.48528137423857 8.48528137423857 0.0
19.0 8.48528137423857 8.48528137423857 0.0
18.0 8.48528137423857 8.48528137423857 0.0
17.0 24.041630560342615 8.48528137423857 0.0
16.265768992196154 37.44100656666896 10.028151825501089 0.0
15.824923794270807 34.08683745078126 12.723995919307278 0.0
15.650952221207389 6.019714470461537 15.351841809713235 0.0
14.042110584135619 33.32116386720666 14.096082017484038 0.0
13.647886755241927 31.27560591491643 13.569778318479718 0.0
13.395463096920663 29.743328428861556 12.16535357572127 25.5
13.305967897753655 28.564586197132744 11.034157824461474 25.5
13.435382788591612 27.659613044987147 10.11960358873888 24.5
13.850359378328376 26.998038627322934 9.393239484853465 24.5
14.784891126332905 21.435269705541977 8.849155161676814 23.5
29.264171785064942 14.015906422773755 8.515813894450798 23.5
26.414768297380768 10.178421685079014 8.537736783361495 -23.0
25.414768297380764 11.015698497318262 8.154383765248076 -23.0
24.414768297380764 11.852975309557506 7.771030747134657 20.0
22.507670351302092 9.511530606787623 8.09818316442918 20.0
21.507670351302092 9.874572869896143 7.85830102140447 19.0
20.507670351302092 10.237615133004663 7.618418878379762 19.0
19.50767035130209 10.600657396113188 7.378536735355053 18.5
18.264061761234288 8.945510391604165 8.084269640293863 18.5
17.264061761234288 9.015261493742843 25.61925761962055 18.5
16.671098663904807 10.996942968524637 7.083763667522971 18.5
15.48550638278666 9.422762250962435 23.173608325535838 18.5
14.78609466940507 11.182502218196388 25.653718002113944 18.5
14.285344195403948 14.088414426984286 29.499087933828672 19.5
13.957585275050823 13.619391357506515 35.52784812357798 19.5
13.790029817755258 12.257503279289509 33.89217616360797 21.5
13.843763949319397 11.169515033503423 32.665523679708734 21.5
14.176653554769103 10.3111959186037 31.791527331116914 27.5
14.943255631474928 9.659196865149084 27.775975587549468 27.5
16.536422368590607 9.22362536703823 14.39992891187224 0.0
20.20113003047901 9.078738680538718 10.134444212392513 0.0
19.201130030479014 8.62932131295379 11.367657730017251 0.0
18.201130030479018 8.179903945368862 12.600871247641992 0.0
26.326812475003155 8.349064448059718 9.70959531783362 27.5
25.32681247500316 8.031932837235699 10.284621446635143 27.5
24.326812475003173 7.7148012264116765 10.85964757543667 0.0
24.46829024846287 8.230203354733865 8.972541550592387 0.0
23.46829024846287 8.070222959734783 9.179300400131762 0.0
22.468290248462875 7.910242564735706 9.386059249671128 0.0
21.468290248462875 7.750262169736626 9.592818099210497 0.0
20.46829024846288 7.590281774737542 9.799576948749868 0.0
19.46829024846288 7.430301379738461 10.006335798289232 27.5
18.468290248462882 7.270320984739381 10.213094647828601 27.5
17.468290248462882 7.1103405897403 10.419853497367972 0.0
16.444290493565788 7.973458403342263 8.978826777561048 0.0
15.444290493565786 8.005896627487292 8.947811372011369 -26.5
14.444290493565784 8.038334851632321 8.916795966461688 -26.5
13.44429049356578 8.07077307577735 8.885780560912009 25.0
12.444290493565777 8.103211299922386 8.854765155362326 25.0