0 0 22.0 8.48528137423857 8.485281374238571 0.0
6.123233995736766e-17 1.0 21.0 8.48528137423857 8.485281374238571 0.0
1.2246467991473532e-16 2.0 20.0 8.48528137423857 8.48528137423857 0.0
1.8369701987210297e-16 3.0 19.0 8.48528137423857 8.48528137423857 0.0
2.4492935982947064e-16 4.0 18.0 8.48528137423857 8.48528137423857 0.0
3.061616997868383e-16 5.0 17.0 24.041630560342615 8.48528137423857 0.0
5.551115123125783e-16 5.902585284349861 16.265768992196154 37.44100656666896 10.028151825501089 0.0
0.13058280825937768 6.803128256496303 15.824923794270807 34.08683745078126 12.723995919307278 0.0
0.3863750943982682 7.683792486712957 15.650952221207389 6.019714470461537 15.351841809713235 0.0
0.7583444927490519 8.525794833455562 14.042110584135619 33.32116386720666 14.096082017484038 0.0
1.0228815850411708 9.427483442877419 13.647886755241927 31.27560591491643 13.569778318479718 0.0
1.390759178883673 10.298500924189943 13.395463096920663 29.743328428861556 12.16535357572127 25.5
1.8523546302459 11.126901427754099 13.305967897753655 28.564586197132744 11.034157824461474 25.5
2.3989793509387396 11.901833147166283 13.435382788591612 27.659613044987147 10.11960358873888 24.5
3.0245010976112927 12.614602604609125 13.850359378328376 26.998038627322934 9.393239484853465 24.5
3.7177238414101423 13.25336328609201 14.784891126332905 21.435269705541977 8.849155161676814 23.5
4.467860755986239 13.803791719405407 29.264171785064942 14.015906422773755 8.515813894450798 23.5
5.241751924681918 14.237243766569058 26.414768297380768 10.178421685079014 8.537736783361495 -23.0
6.179040027934865 14.585799374041516 25.414768297380764 11.015698497318262 8.154383765248076 -23.0
7.116328131187811 14.934354981513973 24.414768297380764 11.852975309557506 7.771030747134657 20.0
7.947712832582242 15.24352758130706 22.507670351302092 9.511530606787623 8.09818316442918 20.0
8.927480477266181 15.443665939525788 21.507670351302092 9.874572869896143 7.85830102140447 19.0
9.90724812195012 15.643804297744516 20.507670351302092 10.237615133004663 7.618418878379762 19.0
10.88701576663406 15.843942655963245 19.50767035130209 10.600657396113188 7.378536735355053 18.5
11.756080281466222 16.021467547837762 18.264061761234288 8.945510391604165 8.084269640293863 18.5
12.754977457627591 16.068418921159978 17.264061761234288 9.015261493742843 25.61925761962055 18.5
13.64892486428163 16.11043731847043 16.671098663904807 10.996942968524637 7.083763667522971 18.5
14.53783488879059 16.2871652822191 15.48550638278666 9.422762250962435 23.173608325535838 18.5
15.460321859603217 16.33787207933956 14.78609466940507 11.182502218196388 25.653718002113944 18.5
16.37523362481875 16.507026779776123 14.285344195403948 14.088414426984286 29.499087933828672 19.5
17.268592550867233 16.788566509407467 13.957585275050823 13.619391357506515 35.52784812357798 19.5
18.12842271955727 17.1749148777733 13.790029817755258 12.257503279289509 33.89217616360797 21.5
18.939925048206636 17.65453655297694 13.843763949319397 11.169515033503423 32.665523679708734 21.5
19.693021213549898 18.221474950400996 14.176653554769103 10.3111959186037 31.791527331116914 27.5
20.37621431485594 18.866664386061036 14.943255631474928 9.659196865149084 27.775975587549468 27.5
20.975423716928397 19.578440294109036 16.536422368590607 9.22362536703823 14.39992891187224 0.0
21.47003153340443 20.33788542887789 20.20113003047901 9.078738680538718 10.134444212392513 0.0
21.892283578400217 21.244363895526092 19.201130030479014 8.62932131295379 11.367657730017251 0.0
22.314535623396004 22.150842362174295 18.201130030479018 8.179903945368862 12.600871247641992 0.0
22.689077761638927 22.95489858213403 26.326812475003155 8.349064448059718 9.70959531783362 27.5
22.9667764859073 23.915566796732453 25.32681247500316 8.031932837235699 10.284621446635143 27.5
23.244475210175672 24.876235011330873 24.326812475003173 7.7148012264116765 10.85964757543667 0.0
23.49079698696149 25.728358124769652 24.46829024846287 8.230203354733865 8.972541550592387 0.0
23.617324221377412 26.72032125863656 23.46829024846287 8.070222959734783 9.179300400131762 0.0
23.743851455793333 27.712284392503467 22.468290248462875 7.910242564735706 9.386059249671128 0.0
23.870378690209254 28.704247526370374 21.468290248462875 7.750262169736626 9.592818099210497 0.0
23.996905924625175 29.69621066023728 20.46829024846288 7.590281774737542 9.799576948749868 0.0
24.123433159041095 30.688173794104188 19.46829024846288 7.430301379738461 10.006335798289232 27.5
24.249960393457016 31.680136927971095 18.468290248462882 7.270320984739381 10.213094647828601 27.5
24.376487627872937 32.672100061838 17.468290248462882 7.1103405897403 10.419853497367972 0.0
24.48972119763022 33.55984195577793 16.444290493565788 7.973458403342263 8.978826777561048 0.0
24.467303866297815 34.559590655830064 15.444290493565786 8.005896627487292 8.947811372011369 -26.5
24.44488653496541 35.5593393558822 14.444290493565784 8.038334851632321 8.916795966461688 -26.5
24.422469203633003 36.55908805593434 13.44429049356578 8.07077307577735 8.885780560912009 25.0
24.400051872300597 37.558836755986476 12.444290493565777 8.103211299922386 8.854765155362326 25.0
